60
0  7
0  8
0  10
0  16
1  10 
1  28
2  28
2  5
3  23
4  23
4  29
5  26
6  7
7  15
7  21
8  14
9  18  
9  20
11  20  
11  25
12  18 
12  49
13  20  
13  50 
13  55
15  30  
15  18
17  28 
17  47 
17  48
18  22 
18  57 
18  58
19  29 
19  50
21  24 
21  49
23  25 
23  51
27  28 
27  46
30  48  
30  40
31  41  
31  59
32  55  
32  37  
32  38  
32  52  
32  54
33  52 
33  56
34  53  
34  45
35  43  
35  42
36  37  
36  47  
36  55
37  51  
37  58
38  57
39  44  
39  48
40  59
41  44
42  53
45  49
46  52
47  56
50  54
53  59